id,client_id,client_name,due_date,type,status,program_title,last_assessment_date,created_at,added_to_calendar_at
72dcd6e4-b4b6-4597-8cb9-cd355d0f89d6,dbbe21d8-fff6-4053-85c2-246eaa7bfaf2,Romu Blandin,2026-04-23T15:45:25.988+00:00,Relance,inactive,Programme Premium,2026-03-18,2026-04-07T15:05:11.452381+00:00,
0877d44f-1c2f-41fc-b5c3-6a9fca452b84,2a3c1622-66f8-4118-8b62-751a5ff913dd,Fred Chaumont,2026-04-30T08:10:00+00:00,Relance,scheduled,Programme Premium,2026-04-15,2026-04-03T07:08:46.80234+00:00,
b20995e0-2b8c-498f-a483-044540c779f1,512c149f-ebb0-40f4-986f-298dcb83d4c4,Martial Duquenne,2026-05-29T10:00:00+00:00,Suivi terrain,scheduled,Programme Premium,2026-04-21,2026-04-03T09:18:22.969895+00:00,
f94dbffd-2e41-4cb8-931a-16d6af803114,13375fb6-d740-44ec-83fb-6438a719950f,Delfraissy Gerald,2026-04-04T07:30:00+00:00,Suivi 15 jours,scheduled,Programme Premium,2026-03-14,2026-04-03T07:28:28.153122+00:00,
a065e27d-fa8c-4484-b146-d9b28dec60f6,17ea7fbd-d4d0-45d8-98c0-c0d58751d6ba,Benjamin B,2026-04-17T08:00:00+00:00,Premier suivi,inactive,Programme Premium,2026-02-20,2026-04-03T09:37:44.77834+00:00,
36a69481-67e7-4073-a46d-96decc1b22cf,bf6c057f-4a48-41e2-9abe-b24ca42ada72,Julien GABRIEL,2026-05-07T09:30:00+00:00,Suivi terrain,scheduled,Programme a confirmer,2026-04-16,2026-04-17T15:14:48.681636+00:00,
bfdfc2ea-1ef1-4c3f-87d0-0acf8825737e,255899f6-2a7a-44dd-a90e-3f316a72b431,Joel Furnon,2026-05-23T08:00:00+00:00,Check-in rapide,scheduled,Programme Premium,2026-04-25,2026-04-03T06:59:19.374519+00:00,
4492d74f-3f80-4a9a-b2d9-dec823b0ae75,6c719e12-b1e3-4de1-8059-646d20976848,Tom Doguet,2026-05-30T08:00:00+00:00,Suivi terrain,scheduled,Programme Starter,2026-04-25,2026-04-03T07:02:49.25425+00:00,
08683e2e-0481-4f51-a711-f0794124e826,dcbf9c16-61d6-45a7-bc56-fb398d44af1f,Mélanie Bazard,2026-05-06T11:30:00+00:00,Premier suivi,scheduled,Programme a confirmer,2026-04-21,2026-04-21T14:02:05.822156+00:00,
50772bcf-3361-485b-80e8-6bef02086b15,d49fa503-f9c2-48c5-8559-57200c10e0d9,Nathalie Habrant,2026-04-27T12:00:00+00:00,Premier suivi,scheduled,Programme Premium,2026-04-14,2026-04-14T14:52:57.456834+00:00,
db2f7cc4-23b8-41f9-8185-bcab2c934f47,68916fbc-301b-4a48-867c-92b94c5a37f7,Mandy Da Silva,2026-04-16T08:00:00+00:00,Suivi terrain,scheduled,Programme Premium,2026-04-15,2026-04-02T14:07:33.284267+00:00,
15fa2db5-fd68-43db-8f15-f4b722ccea32,dca0b545-31e2-4ab2-8b4f-b6a194a807f5,Cyril Diani,2026-04-23T15:45:55.474+00:00,Relance,scheduled,Programme Starter,2026-03-30,2026-04-03T07:20:26.737714+00:00,
e35025d0-1d7e-4c81-8321-5f11baaeeac0,8329db4f-bcae-46d9-89c7-f7e01aaf8a52,Laurine Guillemin,2026-04-21T08:00:00+00:00,Suivi terrain,scheduled,Programme Decouverte,2026-03-23,2026-04-07T13:36:56.690882+00:00,
bf0c1837-cfbd-47e4-9b1b-ec68622f6147,2bebf40a-1b29-4437-a9ba-3c1d83629f96,Charlène Larochelle,2026-01-28T09:00:00+00:00,Suivi 15 jours,scheduled,Programme Premium,2025-12-31,2026-04-07T14:55:07.941432+00:00,
6544e968-c6c1-4ede-9d0e-1b35c05e7a1b,143f248c-7a1d-49e4-9b09-ca1d59db52e1,Stéphanie Lebrun,2026-04-14T08:00:00+00:00,Suivi terrain,scheduled,Programme Premium,2026-04-07,2026-04-07T15:03:02.871629+00:00,
537189d8-e864-472d-9fc6-0c0d04eec877,fdedca62-eaa2-4b14-b7da-08742ea4953f,alexandre gobert,2026-04-22T08:00:00+00:00,Suivi terrain,scheduled,Programme Premium,2026-04-08,2026-04-08T05:51:15.054125+00:00,
0871a049-2b36-4369-a45b-148ef27efd78,eb309eb5-a205-4cd2-a054-bdf5db48f02f,Florance Emilie,2026-04-23T15:45:57.434+00:00,Relance,scheduled,Programme Starter,2026-03-30,2026-04-03T07:15:23.065011+00:00,
5f9002b1-f9ce-4522-8eb0-c891dcf5e826,760ca664-63fe-4282-8143-bc4de330bb16,Fabien Astolfi,2026-04-29T22:00:00+00:00,Suivi terrain,scheduled,Programme Premium,2026-04-16,2026-04-16T20:04:42.455564+00:00,
7d1888ac-4583-4c50-b118-c27f4e5a41a7,b4c3e73f-c397-4723-8830-e7f07a693517,,2026-05-06T07:30:00+00:00,Suivi terrain,scheduled,Premium,2026-04-22,2026-04-22T08:33:34.460984+00:00,
7ea2335e-90fc-49e5-826d-8b820380cf03,85dd2bac-a429-4d80-9d2c-12f957667bea,Juliette Lesueur,2026-03-11T09:45:00+00:00,Suivi terrain,scheduled,Programme Premium,2026-04-16,2026-04-16T08:11:10.124116+00:00,
bee336b7-5494-493f-81b9-fdb14decc0d5,6d06fd6b-f452-4296-b565-8f935d4ba346,Sylvie Chaumont,2026-04-30T08:15:00+00:00,Suivi terrain,scheduled,Programme Premium,2026-04-16,2026-04-03T07:05:45.036247+00:00,
47c262ec-22c0-49c3-9427-a19e7a1c7b69,fef3096d-526b-47c2-8524-e7fb3f468350,Léa Monfort,2026-04-28T08:00:00+00:00,Premier suivi,scheduled,Programme a confirmer,2026-04-14,2026-04-19T10:33:36.908601+00:00,
b85fc300-928a-4b50-8bc6-ed5cc85ed22e,254e5a53-4238-4b9a-8534-aba8f1039910,Floriant Schiltz,2026-04-30T11:15:00+00:00,Suivi terrain,scheduled,Programme Premium,2026-04-16,2026-04-16T12:43:57.819908+00:00,
17462164-6f76-4edb-8dfe-cb344de66a3c,dd508019-bab1-4304-9ed1-795e7202e889,Pascal Florimont,2026-04-30T08:00:00+00:00,Premier suivi,scheduled,Programme Premium,2026-04-16,2026-04-16T14:51:11.231455+00:00,
8b5f665a-3850-4242-957e-4e87c0ebd044,f9ba183c-4be9-4736-a529-efa2dc7020bf,Christine Prevot,2026-04-02T16:10:00+00:00,Relance,scheduled,Programme Premium,2026-03-17,2026-04-03T19:00:03.440796+00:00,
0dd2e190-5f52-4953-8a06-a0195a7c09d9,580090f1-69a7-47f2-9821-2b2b44b874f3,Virginie DAUTEL,2026-05-07T07:30:00+00:00,Suivi terrain,scheduled,Programme Booster 1,2026-04-20,2026-04-20T16:44:58.716977+00:00,
2911294c-8e1e-4671-98ed-93610ba87faa,562af8f3-656d-45f0-890b-489819ac53ca,Victoria Cavalec,2026-05-09T08:00:00+00:00,Premier suivi,scheduled,Programme a confirmer,2026-04-25,2026-04-25T15:26:47.063733+00:00,
a1d51cf4-bff5-49ef-95e5-67516b8b13ee,a6a6bf8f-2715-4323-81ba-2df0d54dfb66,Mathilde Paradis,2026-04-23T15:45:44.776+00:00,Relance,inactive,Programme Starter,2026-03-12,2026-04-03T09:27:00.465104+00:00,
3c61de63-e525-42eb-bf7d-fa033095d050,eb04d7ec-04d5-4faf-be1a-2805fc26c29b,Alexandra Furnon,2026-05-21T22:01:00+00:00,Suivi terrain,scheduled,Programme Premium,2026-04-24,2026-04-03T09:38:42.695429+00:00,
8e4f8805-b504-4798-820b-c10751a38024,4253b6b2-1332-41a2-9be9-a3df6cf7324e,Rachel DAUBA,2026-05-05T12:00:00+00:00,Premier suivi,scheduled,Programme a confirmer,2026-04-22,2026-04-22T10:32:16.863326+00:00,
23917657-a0c0-4ee8-99a3-15ec6c2e4b74,f31f04de-9fd1-4526-ac51-058578b97485,Angélique JACQUEMIN,2026-05-05T15:30:00+00:00,Premier suivi,scheduled,Programme a confirmer,2026-04-20,2026-04-20T12:58:27.720644+00:00,
61349b8a-7307-41c2-bac4-d2bc9b9b56e3,5ea847e8-b4d5-4b51-8986-f53f032b7c2f,Sabrina Freilinger,2026-05-01T08:00:00+00:00,Premier suivi,scheduled,Programme Premium,2026-04-17,2026-04-17T10:28:53.008516+00:00,
75cb79d6-9b25-4a46-8b49-69353f986792,b7147ecb-f4d0-42df-a008-027a2b82bdae,Karl Zeimet,2026-05-06T13:00:00+00:00,Premier suivi,scheduled,Programme a confirmer,2026-04-22,2026-04-22T14:23:00.677443+00:00,
45c9d083-6d19-46a4-a549-47c72d46b91e,82e14498-b94b-4c80-9441-524f6cb3670d,Ethan Feron,2026-05-05T08:00:00+00:00,Premier suivi,scheduled,Programme a confirmer,2026-04-23,2026-04-24T13:53:29.077585+00:00,
370081f9-f24c-4513-8090-67a4716ddf00,97c88603-dc1f-4993-b020-a508fafebf81,Thomas Houbert,2026-04-17T08:00:00+00:00,Suivi terrain,scheduled,Programme Premium,2026-04-23,2026-04-07T11:11:18.239107+00:00,
186f3fd8-d06d-4feb-8fbc-f60b3d06803f,ab00262a-3cc5-4a29-9cba-4a9bfffc9d16,Sylvie Gabriel,2026-04-23T15:45:49.882+00:00,Relance,inactive,Programme Premium,2026-03-25,2026-04-03T07:12:05.086758+00:00,
c0cc4e7d-61cf-4b55-8277-9b14871590ab,edd819e7-8a2e-4d45-b3dd-f6c23f5f8be5,Angelique Carlu,2026-05-22T14:00:00+00:00,Suivi terrain,scheduled,Programme Premium,2026-04-21,2026-04-03T07:27:42.42212+00:00,
2e82d136-0c82-4e0c-8d1e-b78ddee26e8a,e4830e22-18e4-496b-9396-32c813779586,Mariska GIROT,2026-05-07T08:00:00+00:00,Premier suivi,scheduled,Programme a confirmer,2026-04-23,2026-04-23T10:04:21.872967+00:00,
24a87948-58e0-4c71-8669-282155797db1,1d38c103-0c32-465b-a23d-003e4ade8aea,Julie Furnon,2026-05-01T08:00:00+00:00,Suivi terrain,scheduled,,2026-03-27,2026-04-17T05:55:13.406459+00:00,
e0545ae5-d7d0-4e55-bc56-de42ec51eef4,b4eed947-f90d-472f-a923-a30c21f2de50,Lauriane Lorcin,2026-05-21T09:30:00+00:00,Suivi terrain,scheduled,Programme Premium,2026-04-21,2026-04-03T10:40:21.600777+00:00,
87a2f66c-53ff-4b89-80d8-19e4c54bf814,5470b12d-5a47-4bcc-bf59-c2c78591e50b,,2026-05-06T12:15:00+00:00,Suivi terrain,scheduled,Premium,2026-04-23,2026-04-23T12:48:54.771383+00:00,
d8305690-f401-4ae3-8ee3-655d8ec320b8,4e83d5ed-0f74-415d-98b0-cc168792d63a,Valérie OEILLET,2026-04-27T11:15:00+00:00,Premier suivi,scheduled,Programme a confirmer,2026-04-08,2026-04-22T20:01:43.710159+00:00,
a0f9dce0-5dab-4769-8fc5-3df90f179e11,671f38a4-df6e-4dd1-bd2d-7238d91cdd2e,NATHALIE LEMAGNY,2026-04-28T14:15:00+00:00,Premier suivi,scheduled,Programme a confirmer,2026-04-14,2026-04-22T20:21:34.08882+00:00,
3dcd0536-f331-48d8-88f1-d10597c5b71b,04361985-439c-40a6-a584-5627b3e4b94b,Jessie Astolfi,2026-04-29T22:00:00+00:00,Suivi terrain,scheduled,Programme Premium,2026-04-16,2026-04-16T16:49:49.680006+00:00,
8303769d-15d3-4f66-9633-b7d8c74ba3b8,ff059bc9-8e21-4369-a3fb-c406a560eb4f,Christophe APOU,2026-03-12T09:00:00+00:00,Relance démarrage,inactive,Programme Premium,2026-02-26,2026-04-07T15:14:38.865028+00:00,
2bbc5485-b540-4297-808e-3b3db321f098,f2609c99-47a9-4a87-8d6f-d8e68d1147d1,Clément Clotte,2026-05-06T15:45:00+00:00,Body scan,scheduled,Programme a confirmer,2026-04-23,2026-04-23T09:44:41.361815+00:00,
4e6367a9-58dc-4c69-99ee-2143871f1511,e8d12a20-0e39-4110-b290-750db627eaad,Patricia PIROT,2026-04-27T15:15:00+00:00,Premier suivi,scheduled,Programme Premium,2026-03-25,2026-04-03T12:03:41.571845+00:00,
c505e827-86dc-4e8e-93c8-edfef96b6f5f,eeee5744-2d22-4f6b-ac30-fe6fcf4df120,test beta beta,2026-05-08T08:00:00+00:00,Premier suivi,scheduled,Programme a confirmer,2026-04-24,2026-04-24T21:15:58.699156+00:00,
85a553af-7bb8-4dc3-a435-93776f325b32,ebe0074c-a027-43ac-94bf-8ed4aaefd245,Laura LEPEZEL,2026-05-06T09:00:00+00:00,Suivi terrain,scheduled,Programme Premium,2026-03-19,2026-04-07T12:34:53.508134+00:00,